StartChar: greater
Encoding: 62 62 90
Width: 564
Flags: W
HStem: 495 21<28 72.1739>
VStem: 448 88<176 330>
DStem2: 448 253 536 286 0.91098 -0.412451<-461.39 0> 536 220 448 253 0.91098 0.412451<-527.945 -66.5553>
LayerCount: 3
Fore
Refer: 88 60 N -1 0 0 -1 564 506 2
Validated: 1
EndChar
